seq_id,ade,fde
6666201,1.6480613946914673,3.1842002868652344
7067796,2.580368995666504,5.69028902053833
7965952,1.736291766166687,4.705589294433594
19675067,1.8070933818817139,2.2367660999298096
3316941,1.103642225265503,2.8593802452087402
21126357,0.3413276672363281,1.1352672576904297
22293277,0.5852636694908142,0.4880145192146301
17257679,1.466245174407959,2.546072244644165
1440372,2.731598138809204,5.586955547332764
total_ADE =1.555543601512909
total_FDE =3.1591705017619662
total_model_time =0.04015191396077474
